chain_id,store_id,price
7290027600007,1,8.90
7290027600007,2,8.90
7290027600007,3,8.90
7290027600007,4,8.90
7290027600007,5,8.90
7290027600007,7,8.90
7290027600007,9,8.90
7290027600007,10,6.80
7290027600007,11,8.90
7290027600007,13,8.50
7290027600007,14,8.50
7290027600007,17,8.90
7290027600007,19,8.90
7290027600007,20,8.90
7290027600007,22,8.90
7290027600007,23,8.90
7290027600007,24,8.90
7290027600007,27,8.90
7290027600007,28,8.90
7290027600007,30,8.90
7290027600007,31,6.90
7290027600007,32,8.90
7290027600007,33,8.90
7290027600007,35,8.50
7290027600007,36,8.90
7290027600007,37,8.90
7290027600007,38,8.90
7290027600007,39,8.90
7290027600007,40,8.90
7290027600007,42,8.90
7290027600007,43,8.90
7290027600007,45,8.50
7290027600007,47,6.50
7290027600007,48,6.90
7290027600007,49,8.50
7290027600007,50,8.90
7290027600007,55,6.50
7290027600007,56,8.90
7290027600007,57,8.90
7290027600007,59,6.90
7290027600007,63,6.50
7290027600007,65,8.50
7290027600007,67,8.90
7290027600007,68,8.50
7290027600007,69,8.90
7290027600007,70,8.90
7290027600007,71,8.50
7290027600007,72,8.90
7290027600007,76,8.50
7290027600007,77,8.50
7290027600007,79,8.90
7290027600007,80,8.90
7290027600007,83,8.50
7290027600007,84,8.90
7290027600007,87,8.50
7290027600007,89,8.50
7290027600007,91,8.50
7290027600007,92,8.50
7290027600007,93,8.90
7290027600007,95,8.50
7290027600007,96,8.50
7290027600007,97,8.50
7290027600007,98,8.50
7290027600007,101,8.90
7290027600007,104,8.90
7290027600007,105,8.50
7290027600007,106,8.50
7290027600007,107,8.50
7290027600007,109,8.90
7290027600007,112,6.90
7290027600007,113,8.50
7290027600007,114,8.50
7290027600007,116,8.90
7290027600007,117,8.90
7290027600007,118,7.20
7290027600007,119,8.50
7290027600007,121,8.50
7290027600007,122,8.50
7290027600007,123,8.50
7290027600007,124,8.50
7290027600007,125,8.50
7290027600007,128,8.50
7290027600007,129,8.50
7290027600007,130,8.50
7290027600007,131,8.90
7290027600007,132,8.50
7290027600007,134,8.50
7290027600007,135,8.50
7290027600007,138,8.50
7290027600007,139,8.50
7290027600007,140,8.90
7290027600007,141,8.50
7290027600007,142,8.50
7290027600007,144,8.50
7290027600007,146,8.90
7290027600007,151,8.50
7290027600007,152,8.50
7290027600007,153,8.50
7290027600007,155,8.50
7290027600007,159,8.50
7290027600007,160,8.90
7290027600007,161,6.90
7290027600007,163,8.50
7290027600007,164,8.90
7290027600007,166,8.50
7290027600007,167,8.50
7290027600007,168,8.90
7290027600007,169,8.90
7290027600007,171,8.90
7290027600007,173,8.50
7290027600007,174,8.50
7290027600007,177,8.50
7290027600007,179,8.90
7290027600007,180,8.50
7290027600007,181,8.50
7290027600007,182,8.50
7290027600007,183,8.50
7290027600007,184,8.50
7290027600007,187,8.50
7290027600007,188,8.50
7290027600007,189,8.50
7290027600007,190,8.50
7290027600007,195,8.50
7290027600007,196,8.90
7290027600007,197,6.50
7290027600007,199,8.50
7290027600007,203,8.50
7290027600007,205,8.50
7290027600007,208,7.20
7290027600007,209,8.50
7290027600007,210,8.50
7290027600007,211,8.50
7290027600007,212,8.90
7290027600007,214,8.50
7290027600007,215,8.50
7290027600007,218,8.50
7290027600007,222,8.50
7290027600007,224,8.90
7290027600007,226,8.50
7290027600007,227,8.50
7290027600007,228,8.90
7290027600007,229,8.50
7290027600007,230,8.90
7290027600007,232,8.90
7290027600007,233,6.90
7290027600007,236,7.60
7290027600007,237,8.50
7290027600007,238,8.50
7290027600007,239,8.90
7290027600007,240,8.50
7290027600007,241,8.50
7290027600007,244,8.50
7290027600007,245,8.50
7290027600007,246,6.50
7290027600007,247,8.90
7290027600007,248,8.50
7290027600007,249,8.50
7290027600007,250,8.50
7290027600007,251,8.50
7290027600007,255,8.50
7290027600007,258,8.50
7290027600007,259,8.50
7290027600007,260,8.50
7290027600007,261,8.50
7290027600007,262,8.90
7290027600007,263,8.90
7290027600007,265,8.90
7290027600007,266,7.60
7290027600007,267,8.50
7290027600007,269,8.50
7290027600007,271,8.90
7290027600007,272,8.90
7290027600007,276,8.50
7290027600007,277,8.90
7290027600007,278,8.90
7290027600007,279,8.90
7290027600007,281,8.50
7290027600007,282,8.50
7290027600007,283,8.50
7290027600007,284,8.90
7290027600007,285,8.90
7290027600007,287,8.90
7290027600007,290,8.50
7290027600007,297,8.50
7290027600007,299,8.90
7290027600007,302,8.90
7290027600007,303,8.90
7290027600007,304,8.90
7290027600007,305,8.90
7290027600007,308,8.90
7290027600007,311,8.90
7290027600007,312,8.50
7290027600007,313,8.90
7290027600007,315,8.90
7290027600007,316,8.90
7290027600007,319,8.90
7290027600007,321,6.50
7290027600007,323,8.90
7290027600007,324,8.90
7290027600007,325,8.90
7290027600007,326,8.90
7290027600007,330,8.90
7290027600007,331,8.90
7290027600007,333,8.90
7290027600007,334,8.90
7290027600007,336,8.90
7290027600007,338,8.90
7290027600007,339,8.50
7290027600007,340,8.90
7290027600007,341,8.90
7290027600007,342,8.50
7290027600007,343,8.90
7290027600007,344,8.50
7290027600007,350,8.50
7290027600007,359,8.50
7290027600007,360,8.90
7290027600007,361,8.50
7290027600007,364,6.50
7290027600007,365,8.90
7290027600007,369,8.90
7290027600007,371,8.90
7290027600007,376,8.90
7290027600007,377,8.90
7290027600007,378,6.90
7290027600007,380,8.90
7290027600007,384,8.90
7290027600007,385,8.90
7290027600007,387,8.90
7290027600007,389,8.90
7290027600007,390,8.90
7290027600007,391,8.90
7290027600007,396,8.50
7290027600007,413,8.50
7290027600007,444,8.90
7290027600007,779,8.90
7290027600007,780,8.90
7290027600007,845,8.90
7290055700007,37,8.50
7290055700007,64,9.90
7290055700007,108,9.90
7290055700007,116,9.90
7290055700007,132,9.90
7290055700007,140,9.90
7290055700007,159,9.90
7290055700007,183,9.90
7290055700007,191,9.90
7290055700007,213,9.90
7290055700007,221,9.90
7290055700007,256,9.90
7290055700007,329,9.90
7290055700007,345,9.90
7290055700007,353,9.90
7290055700007,460,9.90
7290055700007,493,9.90
7290055700007,515,9.90
7290055700007,523,9.90
7290055700007,558,9.90
7290055700007,580,9.90
7290055700007,610,9.90
7290055700007,620,9.90
7290055700007,698,9.90
7290055700007,701,9.90
7290055700007,752,9.90
7290055700007,820,9.90
7290055700007,850,9.90
7290055700007,870,9.90
7290055700007,906,9.90
7290055700007,914,9.90
7290055700007,981,9.90
7290055700007,1030,9.90
7290055700007,1040,9.90
7290055700007,1090,9.90
7290055700007,1112,9.90
7290055700007,1139,9.90
7290055700007,1147,9.90
7290055700007,1150,9.90
7290055700007,1171,9.90
7290055700007,1190,9.90
7290055700007,1236,9.90
7290055700007,1279,9.90
7290055700007,1368,9.90
7290055700007,1430,9.90
7290055700007,2040,9.90
7290055700007,2070,9.90
7290055700007,2180,9.90
7290055700007,2190,9.90
7290055700007,2240,9.90
7290055700007,2320,9.90
7290055700007,2330,9.90
7290055700007,2410,9.90
7290055700007,2490,9.90
7290055700007,2518,9.90
7290055700007,2530,9.90
7290055700007,2577,9.90
7290055700007,2960,9.90
7290055700007,2976,9.90
7290055700007,3020,9.90
7290055700007,3050,9.90
7290055700007,3174,8.90
7290055700007,3180,9.90
7290055700007,3210,9.90
7290055700007,3280,9.90
7290055700007,3300,9.90
7290055700007,3440,9.90
7290055700007,3580,9.90
7290055700007,3600,9.90
7290055700007,3850,9.90
7290055700007,3990,9.90
7290055700007,4120,9.90
7290055700007,4130,9.90
7290055700007,4170,9.90
7290055700007,4200,9.90
7290055700007,4280,9.90
7290055700007,4420,9.90
7290055700007,4640,9.90
7290055700007,9004,8.90
7290055700007,9041,8.90
7290055700007,9090,9.90
7290055700014,9,8.90
7290055700014,15,8.90
7290055700014,2150,7.60
7290058108879,2,6.5
7290058108879,6,6.5
7290058108879,337,6.9
7290058134977,41,7.9
7290058140886,1,6.90
7290058140886,2,6.90
7290058140886,3,6.90
7290058140886,5,6.90
7290058140886,6,6.90
7290058140886,7,6.90
7290058140886,8,6.90
7290058140886,9,6.90
7290058140886,10,6.90
7290058140886,11,6.90
7290058140886,13,6.90
7290058140886,14,6.90
7290058140886,15,6.90
7290058140886,16,6.90
7290058140886,17,6.90
7290058140886,19,6.90
7290058140886,20,6.90
7290058140886,23,6.90
7290058140886,24,6.90
7290058140886,25,6.90
7290058140886,26,6.90
7290058140886,27,6.90
7290058140886,28,6.90
7290058140886,29,6.90
7290058140886,30,6.90
7290058140886,31,6.90
7290058140886,32,6.90
7290058140886,33,6.90
7290058140886,34,6.90
7290058140886,35,6.90
7290058140886,36,6.90
7290058140886,37,6.90
7290058140886,38,6.90
7290058140886,39,7.9
7290058140886,40,6.90
7290058140886,41,6.90
7290058140886,42,6.90
7290058140886,43,6.90
7290058140886,44,6.90
7290058140886,45,6.90
7290058140886,46,6.90
7290058140886,48,6.90
7290058140886,49,6.90
7290058140886,50,6.90
7290058140886,53,6.90
7290058140886,54,6.90
7290058140886,55,6.90
7290058140886,56,6.90
7290058140886,57,6.90
7290058140886,58,6.90
7290058140886,62,6.90
7290058140886,63,6.90
7290058140886,64,6.90
7290058140886,203,5.90
7290058148776,5,7.9
7290058148776,6,7.9
7290058148776,7,7.9
7290058148776,8,7.9
7290058148776,9,7.9
7290058148776,11,7.9
7290058148776,14,7.9
7290058148776,16,7.9
7290058148776,17,7.9
7290058148776,18,7.9
7290058148776,21,7.9
7290058148776,305,7.9
7290058148776,309,6.4
7290058148776,311,7.9
7290058148776,314,6.4
7290058159628,8,7.9
7290058159628,13,7.9
7290058159628,16,7.9
7290058159628,17,7.9
7290058159628,18,7.9
7290058159628,20,7.9
7290058159628,27,7.9
7290058159628,28,7.9
7290058159628,35,7.9
7290058159628,45,7.9
7290058159628,46,7.9
7290058159628,47,7.9
7290058159628,48,7.9
7290058159628,49,7.9
7290058159628,50,7.9
7290058160839,4,7.9
7290058160839,16,7.9
7290058160839,51,7.9
7290058160839,157,7.9
7290058160839,230,7.9
7290058160839,274,7.9
7290058160839,301,7.9
7290058160839,302,7.9
7290058173198,7,8.5
7290058173198,9,8.5
7290058173198,11,8.5
7290058173198,14,8.5
7290058173198,15,8.5
7290058173198,18,8.5
7290058173198,19,8.5
7290058173198,20,8.5
7290058173198,21,8.5
7290058173198,25,8.5
7290058173198,26,8.5
7290058173198,27,8.5
7290058173198,28,8.5
7290058173198,30,8.5
7290058173198,31,8.5
7290058173198,32,8.5
7290058173198,37,8.5
7290058198450,3,9.2
7290058198450,4,9.2
7290058198450,5,9.2
7290058198450,8,9.2
7290058198450,10,9.2
7290058198450,14,9.2
7290058198450,18,9.2
7290058198450,19,9.2
7290058198450,23,9.2
7290058198450,24,9.2
7290058198450,25,9.2
7290058198450,31,9.2
7290058198450,32,9.2
7290058198450,33,9.2
7290058198450,34,9.2
7290058198450,35,9.2
7290058198450,36,9.2
7290058198450,38,9.2
7290058198450,39,9.2
7290058198450,40,9.2
7290103152017,1,6.90
7290103152017,3,6.90
7290103152017,5,6.90
7290103152017,6,6.90
7290103152017,9,6.90
7290103152017,10,6.90
7290103152017,13,6.90
7290103152017,14,6.90
7290103152017,15,6.90
7290103152017,16,6.90
7290103152017,20,6.90
7290103152017,22,6.90
7290103152017,23,6.90
7290103152017,24,6.90
7290103152017,25,6.90
7290103152017,26,6.90
7290103152017,28,5.90
7290103152017,30,6.90
7290103152017,31,6.90
7290455000004,1,7.90
7290455000004,45,7.90
7290455000004,65,7.90
7290492000005,450,7.90
7290492000005,451,7.90
7290492000005,501,8.90
7290492000005,502,8.90
7290492000005,503,8.90
7290492000005,504,8.90
7290492000005,505,8.90
7290492000005,506,8.90
7290492000005,507,8.90
7290492000005,508,8.90
7290492000005,509,8.90
7290492000005,510,8.90
7290492000005,511,8.90
7290492000005,512,8.90
7290492000005,513,8.90
7290492000005,514,8.90
7290492000005,515,8.90
7290492000005,516,8.90
7290492000005,517,8.90
7290492000005,518,8.90
7290492000005,519,8.90
7290492000005,524,8.90
7290492000005,529,8.90
7290492000005,531,8.90
7290492000005,533,8.90
7290492000005,534,8.90
7290492000005,535,8.90
7290492000005,536,8.90
7290492000005,537,8.90
7290492000005,538,8.90
7290492000005,540,8.90
7290492000005,542,8.90
7290492000005,544,8.90
7290492000005,545,8.90
7290492000005,548,8.90
7290492000005,549,8.90
7290492000005,551,8.90
7290492000005,553,8.90
7290492000005,556,8.90
7290492000005,557,8.90
7290492000005,558,8.90
7290492000005,560,8.90
7290492000005,563,8.90
7290492000005,564,8.90
7290492000005,566,8.90
7290492000005,568,8.90
7290492000005,570,8.90
7290492000005,571,8.90
7290492000005,576,8.90
7290492000005,577,8.90
7290492000005,578,8.90
7290492000005,579,8.90
7290492000005,580,8.90
7290492000005,581,8.90
7290492000005,582,8.90
7290492000005,583,8.90
7290492000005,584,8.90
7290492000005,585,8.90
7290492000005,586,8.90
7290492000005,587,8.90
7290492000005,591,8.90
7290492000005,644,8.90
7290492000005,645,8.90
7290492000005,647,8.90
7290492000005,648,8.90
7290492000005,649,7.90
7290492000005,650,8.90
7290492000005,651,8.90
7290492000005,652,8.90
7290492000005,653,8.90
7290492000005,654,8.90
7290492000005,655,7.90
7290492000005,656,7.90
7290492000005,657,7.90
7290492000005,658,8.90
7290492000005,661,8.90
7290492000005,666,8.90
7290492000005,701,7.90
7290492000005,702,5.90
7290492000005,706,7.90
7290492000005,707,7.90
7290492000005,709,7.90
7290492000005,710,7.90
7290492000005,714,7.90
7290492000005,715,7.90
7290492000005,717,7.90
7290492000005,718,7.90
7290492000005,719,7.90
7290492000005,721,7.90
7290492000005,722,7.90
7290492000005,723,7.90
7290492000005,724,7.90
7290492000005,725,7.90
7290492000005,726,7.90
7290492000005,727,7.90
7290492000005,730,7.90
7290492000005,733,7.90
7290492000005,801,8.90
7290492000005,804,8.90
7290492000005,807,8.90
7290492000005,808,8.90
7290492000005,811,8.90
7290492000005,813,8.90
7290492000005,815,8.90
7290492000005,820,8.90
7290492000005,821,8.90
7290492000005,822,8.90
7290492000005,823,8.90
7290492000005,824,7.90
7290492000005,828,8.90
7290492000005,829,8.90
7290492000005,830,8.90
7290492000005,832,8.90
7290492000005,834,8.90
7290492000005,839,8.90
7290492000005,840,8.90
7290492000005,843,8.90
7290492000005,847,8.90
7290492000005,848,8.90
7290492000005,850,8.90
7290492000005,852,8.90
7290492000005,853,8.90
7290492000005,856,8.90
7290492000005,858,8.90
7290492000005,860,8.90
7290492000005,861,8.90
7290492000005,865,8.90
7290492000005,868,8.90
7290492000005,870,8.90
7290492000005,900,8.90
7290492000005,901,8.90
7290492000005,902,8.90
7290492000005,903,8.90
7290492000005,904,8.90
7290492000005,905,8.90
7290492000005,906,8.90
7290492000005,908,8.90
7290492000005,910,8.90
7290492000005,911,8.90
7290492000005,912,8.90
7290492000005,913,8.90
7290492000005,914,8.90
7290492000005,915,8.90
7290492000005,918,8.90
7290492000005,921,8.90
7290492000005,922,8.90
7290492000005,924,8.90
7290492000005,927,8.90
7290492000005,928,8.90
7290492000005,930,8.90
7290492000005,933,8.90
7290492000005,935,8.90
7290492000005,936,8.90
7290492000005,939,8.90
7290492000005,940,8.90
7290492000005,941,8.90
7290492000005,942,8.90
7290492000005,944,8.90
7290492000005,947,8.90
7290492000005,948,8.90
7290492000005,949,8.90
7290492000005,951,8.90
7290492000005,952,8.90
7290492000005,955,8.90
7290492000005,958,8.90
7290492000005,961,8.90
7290492000005,968,8.90
7290492000005,969,7.60
7290492000005,978,8.90
7290492000005,980,8.90
7290492000005,981,8.90
7290492000005,992,8.90
7290492000005,997,8.90
7290526500006,1,6.00
7290526500006,4,8.90
7290526500006,7,8.90
7290526500006,11,8.90
7290633800006,202,8.90
7290633800006,203,8.90
7290633800006,205,8.90
7290633800006,207,10.90
7290633800006,211,10.90
7290633800006,212,10.90
7290633800006,217,10.90
7290633800006,220,10.90
7290633800006,223,10.90
7290633800006,230,8.90
7290633800006,238,10.90
7290633800006,241,8.90
7290633800006,242,10.90
7290633800006,244,10.90
7290633800006,245,8.90
7290633800006,246,8.90
7290633800006,247,8.90
7290633800006,250,10.90
7290633800006,260,8.90
7290633800006,261,10.90
7290633800006,262,10.90
7290633800006,263,8.90
7290633800006,264,8.90
7290633800006,265,8.90
7290633800006,267,10.90
7290633800006,268,10.90
7290633800006,277,10.90
7290633800006,290,10.90
7290639000004,1,8.90
7290639000004,2,8.90
7290639000004,3,8.90
7290639000004,4,8.90
7290639000004,5,8.90
7290639000004,6,8.90
7290639000004,7,8.90
7290639000004,8,8.90
7290639000004,10,7.90
7290644700005,100,7.00
7290644700005,107,7.00
7290644700005,108,7.00
7290644700005,109,7.00
7290644700005,111,7.00
7290644700005,112,7.00
7290644700005,113,7.00
7290644700005,114,7.00
7290644700005,115,7.00
7290644700005,116,7.00
7290644700005,118,7.00
7290644700005,120,7.00
7290644700005,121,7.00
7290644700005,122,7.00
7290644700005,123,7.00
7290644700005,124,7.00
7290644700005,126,7.00
7290644700005,127,7.00
7290644700005,131,7.00
7290644700005,132,7.00
7290644700005,133,7.00
7290644700005,134,7.00
7290644700005,135,7.00
7290644700005,136,7.00
7290644700005,138,7.00
7290644700005,142,7.00
7290644700005,143,7.00
7290644700005,144,7.00
7290644700005,145,7.00
7290644700005,146,7.00
7290644700005,147,7.00
7290644700005,149,7.00
7290644700005,151,7.00
7290644700005,153,7.00
7290644700005,158,7.00
7290644700005,159,7.00
7290644700005,160,7.00
7290644700005,161,7.00
7290644700005,165,7.00
7290644700005,166,7.00
7290644700005,173,7.00
7290644700005,177,7.00
7290644700005,178,7.00
7290644700005,179,7.00
7290644700005,183,7.00
7290644700005,184,7.00
7290644700005,186,7.00
7290644700005,190,7.00
7290644700005,191,7.00
7290644700005,192,7.00
7290644700005,193,7.00
7290644700005,195,7.00
7290644700005,197,7.00
7290644700005,199,7.00
7290644700005,202,7.00
7290644700005,203,7.00
7290644700005,208,7.00
7290644700005,209,7.00
7290644700005,210,7.00
7290644700005,212,7.00
7290644700005,213,7.00
7290644700005,214,7.00
7290644700005,217,7.00
7290644700005,218,7.00
7290644700005,232,7.00
7290644700005,234,7.00
7290644700005,235,7.00
7290644700005,236,7.00
7290644700005,238,7.00
7290644700005,239,7.00
7290644700005,240,7.00
7290644700005,241,7.00
7290644700005,242,7.00
7290644700005,244,7.00
7290644700005,245,7.00
7290644700005,246,7.00
7290644700005,247,7.00
7290644700005,248,7.00
7290644700005,250,7.00
7290644700005,251,7.00
7290644700005,252,7.00
7290644700005,253,7.00
7290644700005,254,7.00
7290644700005,255,7.00
7290644700005,256,7.00
7290644700005,257,7.00
7290644700005,258,7.00
7290644700005,259,7.00
7290644700005,260,7.00
7290644700005,261,7.00
7290644700005,263,7.00
7290644700005,265,7.00
7290644700005,266,7.00
7290644700005,267,7.00
7290644700005,270,7.00
7290644700005,271,7.00
7290644700005,272,7.00
7290644700005,274,7.00
7290644700005,275,7.00
7290644700005,276,7.00
7290644700005,300,7.00
7290644700005,301,7.00
7290644700005,302,7.00
7290644700005,303,7.00
7290644700005,304,7.00
7290644700005,305,7.00
7290644700005,306,7.00
7290644700005,307,7.00
7290644700005,308,7.00
7290644700005,312,7.00
7290644700005,313,7.00
7290644700005,315,7.00
7290644700005,316,7.00
7290644700005,319,7.00
7290644700005,320,7.00
7290644700005,321,7.00
7290644700005,322,7.00
7290644700005,323,7.00
7290644700005,324,7.00
7290644700005,325,7.00
7290644700005,326,7.00
7290644700005,328,7.00
7290644700005,329,7.00
7290644700005,330,7.00
7290644700005,331,7.00
7290644700005,332,7.00
7290644700005,333,7.00
7290644700005,335,7.00
7290644700005,336,7.00
7290644700005,337,7.00
7290644700005,339,7.00
7290644700005,340,7.00
7290644700005,341,7.00
7290644700005,342,7.00
7290644700005,343,7.00
7290644700005,345,7.00
7290644700005,349,7.00
7290644700005,352,7.00
7290644700005,353,7.00
7290644700005,354,7.00
7290644700005,355,7.00
7290644700005,356,7.00
7290644700005,359,7.00
7290644700005,360,7.00
7290644700005,362,7.00
7290644700005,363,7.00
7290644700005,365,7.00
7290644700005,366,7.00
7290644700005,367,7.00
7290644700005,368,7.00
7290644700005,369,7.00
7290644700005,371,7.00
7290644700005,372,7.00
7290644700005,375,7.00
7290644700005,378,7.00
7290644700005,380,7.00
7290644700005,383,7.00
7290644700005,389,7.00
7290644700005,390,7.00
7290644700005,391,7.00
7290644700005,392,7.00
7290644700005,399,7.00
7290644700005,400,7.00
7290644700005,405,7.00
7290644700005,406,7.00
7290644700005,407,7.00
7290644700005,408,7.00
7290644700005,409,7.00
7290644700005,410,7.00
7290644700005,413,7.00
7290644700005,414,7.00
7290644700005,415,7.00
7290644700005,417,7.00
7290644700005,418,7.00
7290644700005,420,7.00
7290644700005,421,7.00
7290644700005,422,7.00
7290644700005,423,7.00
7290644700005,424,7.00
7290644700005,425,7.00
7290644700005,426,7.00
7290644700005,427,7.00
7290644700005,428,7.00
7290644700005,429,7.00
7290644700005,430,7.00
7290644700005,431,7.00
7290644700005,432,7.00
7290644700005,433,7.00
7290644700005,437,7.00
7290644700005,500,7.00
7290644700005,501,7.00
7290644700005,502,7.00
7290644700005,503,7.00
7290644700005,504,7.00
7290644700005,505,7.00
7290644700005,506,7.00
7290644700005,512,7.00
7290644700005,513,7.00
7290644700005,514,7.00
7290644700005,515,7.00
7290644700005,516,7.00
7290644700005,518,7.00
7290644700005,519,7.00
7290644700005,524,7.00
7290644700005,526,7.00
7290644700005,527,7.00
7290644700005,528,7.00
7290644700005,529,7.00
7290644700005,530,7.00
7290644700005,531,7.00
7290644700005,532,7.00
7290644700005,533,7.00
7290644700005,534,7.00
7290644700005,536,7.00
7290644700005,538,7.00
7290644700005,540,7.00
7290644700005,541,7.00
7290644700005,542,7.00
7290644700005,543,7.00
7290644700005,601,7.00
7290644700005,602,7.00
7290644700005,603,7.00
7290644700005,604,7.00
7290644700005,605,7.00
7290644700005,607,7.00
7290644700005,609,7.00
7290644700005,610,6.70
7290644700005,611,7.00
7290644700005,612,7.00
7290644700005,613,7.00
7290644700005,614,7.00
7290644700005,615,7.00
7290644700005,616,7.00
7290644700005,620,7.00
7290644700005,624,7.00
7290644700005,625,7.00
7290644700005,626,7.00
7290644700005,627,7.00
7290644700005,628,6.70
7290644700005,629,7.00
7290644700005,631,7.00
7290644700005,632,7.00
7290644700005,633,7.00
7290644700005,6102,7.00
7290644700005,6107,7.00
7290661400001,1,8.90
7290661400001,11,8.90
7290661400001,15,8.90
7290661400001,20,8.90
7290661400001,26,8.90
7290661400001,30,8.90
7290661400001,35,8.90
7290661400001,40,6.70
7290661400001,45,8.90
7290661400001,50,8.90
7290661400001,51,8.90
7290661400001,52,8.90
7290661400001,56,8.90
7290661400001,58,8.90
7290661400001,59,8.90
7290661400001,60,8.90
7290661400001,65,8.90
7290661400001,66,8.90
7290661400001,71,8.90
7290661400001,72,8.90
7290661400001,75,8.90
7290661400001,76,8.90
7290661400001,77,8.90
7290661400001,80,8.90
7290661400001,81,8.90
7290661400001,91,8.90
7290661400001,97,8.90
7290661400001,98,7.60
7290661400001,239,8.90
7290696200003,1,8.50
7290696200003,2,8.50
7290696200003,3,8.50
7290696200003,5,9.50
7290696200003,7,9.50
7290696200003,8,8.50
7290696200003,9,9.50
7290696200003,10,8.50
7290696200003,14,8.50
7290696200003,16,9.50
7290696200003,22,8.50
7290696200003,23,9.50
7290696200003,24,8.50
7290696200003,25,8.50
7290696200003,26,8.50
7290696200003,27,8.50
7290696200003,28,9.50
7290696200003,29,8.50
7290696200003,30,9.50
7290696200003,34,8.50
7290696200003,35,9.50
7290696200003,37,8.50
7290696200003,38,8.50
7290696200003,39,9.50
7290696200003,41,9.50
7290696200003,44,9.50
7290696200003,45,9.50
7290696200003,46,8.50
7290696200003,47,8.50
7290696200003,48,8.50
7290696200003,50,9.50
7290696200003,51,8.50
7290696200003,52,8.50
7290696200003,53,9.50
7290696200003,54,8.50
7290696200003,55,8.50
7290696200003,56,8.50
7290696200003,58,8.50
7290696200003,59,8.50
7290696200003,61,9.50
7290696200003,65,9.50
7290696200003,67,9.50
7290696200003,68,8.50
7290696200003,69,8.50
7290696200003,70,8.50
7290696200003,71,8.50
7290696200003,73,8.50
7290696200003,74,8.50
7290696200003,75,9.50
7290696200003,77,8.50
7290696200003,79,8.50
7290696200003,80,9.50
7290696200003,81,8.50
7290696200003,82,9.50
7290696200003,83,8.50
7290696200003,86,9.50
7290696200003,87,8.50
7290696200003,88,8.50
7290696200003,89,8.50
7290696200003,90,8.50
7290696200003,91,9.50
7290696200003,92,8.50
7290696200003,95,8.50
7290696200003,96,8.50
7290696200003,97,8.50
7290700100008,1,7.90
7290700100008,2,7.90
7290700100008,4,7.90
7290700100008,5,7.90
7290700100008,6,7.90
7290700100008,8,7.90
7290700100008,9,7.90
7290725900003,2,8.90
7290725900003,4,8.90
7290725900003,6,8.90
7290725900003,10,8.90
7290725900003,12,9.90
7290725900003,14,9.90
7290725900003,16,8.90
7290725900003,19,9.90
7290725900003,26,8.90
7290725900003,30,7.60
7290725900003,33,8.90
7290725900003,44,8.90
7290725900003,46,8.90
7290725900003,55,8.90
7290725900003,56,8.90
7290725900003,57,8.90
7290725900003,58,8.90
7290725900003,60,9.90
7290725900003,61,8.90
7290725900003,62,9.90
7290725900003,63,9.90
7290725900003,65,9.90
7290725900003,67,9.90
7290725900003,68,9.90
7290725900003,73,9.90
7290725900003,74,9.90
7290725900003,77,8.90
7290725900003,80,9.90
7290725900003,81,9.90
7290725900003,84,9.90
7290725900003,92,8.90
7290725900003,205,8.90
7290725900003,830,8.90
7290725900003,1201,9.90
7290725900003,1228,8.90
7290725900003,1252,7.60
7290725900003,1340,8.90
7290725900003,2230,8.90
7290725900003,2310,8.90
7290725900003,2470,8.90
7290725900003,2540,9.90
7290725900003,2560,8.90
7290725900003,2740,8.90
7290725900003,2750,8.90
7290725900003,2840,9.90
7290725900003,3010,8.90
7290725900003,3610,8.90
7290725900003,3700,8.90
7290725900003,3740,8.90
7290725900003,4110,9.90
7290725900003,9032,8.90
7290785400000,3,7.90
7290785400000,4,7.90
7290785400000,5,7.90
7290785400000,8,7.90
7290785400000,10,7.90
7290785400000,11,7.90
7290785400000,12,7.90
7290785400000,13,7.90
7290785400000,14,7.90
7290785400000,15,7.90
7290785400000,16,7.90
7290785400000,17,7.90
7290785400000,18,7.90
7290785400000,19,7.90
7290785400000,20,7.90
7290785400000,21,7.90
7290785400000,22,7.90
7290785400000,23,7.90
7290785400000,116,7.90
7290785400000,120,7.90
7290785400000,513,7.90
7290785400000,516,7.90
7290785400000,518,7.90
7290803800003,1,8.50
7290803800003,4,8.50
7290803800003,5,8.50
7290803800003,7,8.50
7290803800003,8,8.50
7290803800003,9,8.50
7290803800003,12,8.50
7290803800003,13,8.50
7290803800003,15,8.50
7290803800003,16,8.50
7290803800003,17,8.50
7290803800003,18,8.50
7290803800003,19,8.50
7290803800003,20,8.50
7290803800003,21,8.50
7290803800003,22,8.50
7290803800003,23,8.50
7290803800003,24,8.50
7290803800003,25,8.50
7290803800003,26,8.50
7290803800003,27,8.50
7290803800003,28,8.50
7290803800003,29,8.50
7290803800003,30,8.50
7290803800003,31,8.50
7290803800003,33,8.50
7290803800003,34,8.50
7290803800003,35,8.50
7290803800003,36,8.50
7290803800003,37,8.50
7290803800003,38,8.50
7290803800003,39,8.50
7290803800003,40,8.50
7290803800003,42,8.50
7290803800003,48,8.50
7290803800003,53,8.50
7290873255550,2,8.50
7290873255550,3,8.50
7290873255550,6,8.50
7290873255550,7,8.50
7290873255550,10,8.50
7290873255550,12,8.50
7290873255550,13,8.50
7290873255550,14,8.50
7290873255550,15,8.50
7290873255550,18,8.50
7290873255550,19,8.50
7290873255550,20,8.50
7290873255550,22,8.50
7290873255550,23,8.50
7290873255550,24,8.50
7290873255550,30,8.50
7290873255550,51,8.90
7290873255550,52,8.50
7290873255550,54,8.90
7290873255550,57,8.90
7290873255550,58,8.90
7290873255550,62,8.90
7290873255550,65,8.90
7290873255550,68,8.90
7290873255550,70,8.90
7290873255550,71,8.90
7290873255550,73,8.90
7290873255550,75,8.90
7290873255550,79,8.90
7290873255550,80,8.90
7290873255550,82,8.90
7290873255550,84,8.90
7290873255550,87,8.50
7290873255550,91,8.90
7290873255550,156,8.50
7290873255550,172,8.50
7290873255550,502,8.50
7290873255550,503,8.50
7290873255550,512,8.50
7290873255550,514,8.50
7290873255550,519,8.50
7290875100001,2,8.90
7290875100001,5,8.90
7290875100001,6,8.90
7290875100001,7,8.90
7290875100001,8,8.90
7290875100001,9,8.90
7290875100001,10,8.90
7290875100001,60,8.90
7290875100001,61,8.90
7290875100001,62,8.90
7290875100001,63,8.90
7290875100001,65,8.90
7290876100000,1,9.50
7290876100000,2,9.50
7290876100000,4,9.70
7290876100000,6,8.90
7290876100000,7,8.90
7290876100000,8,9.70
7290876100000,9,9.70
7290876100000,10,8.90
7290876100000,11,9.50
7290876100000,12,9.50
7290876100000,14,8.90
7290876100000,17,9.70
7290876100000,18,8.90
7290876100000,19,8.90
7290876100000,20,8.90
7290876100000,21,8.90
7290876100000,22,8.90
7290876100000,23,8.90
7290876100000,24,8.90
7290876100000,25,9.50
7290876100000,26,9.50
7290876100000,27,8.90
7290876100000,28,9.50
7290876100000,29,9.50
7290876100000,30,9.50
7290876100000,31,9.50
7290876100000,32,9.70
7290876100000,35,8.90
7290876100000,36,8.90
7290876100000,37,8.90
7290876100000,38,8.90
7290876100000,39,8.90
7290876100000,41,9.70
7290876100000,43,9.50
7290876100000,44,9.50
7290876100000,45,8.90
7291056200008,299,8.50
7291056200008,306,8.50
7291056200008,307,8.50
7291056200008,309,8.50
7291056200008,311,8.90
7291056200008,312,8.90
7291056200008,316,8.50
7291056200008,317,8.50
7291056200008,319,8.50
7291056200008,320,8.50
7291056200008,321,8.90
7291056200008,323,8.50
7291056200008,324,8.50
7291056200008,325,8.50
7291056200008,329,8.50
7291056200008,330,8.50
7291056200008,331,8.50
7291056200008,332,8.90
7291056200008,333,8.90
7291056200008,334,8.50
7291056200008,336,8.50
7291056200008,337,8.50
7291056200008,338,8.50
7291056200008,339,8.50
7291056200008,340,8.50
7291056200008,401,8.50
7291056200008,403,8.50
7291056200008,404,8.50
7291059100008,1,8.50
7291059100008,2,8.50
7291059100008,3,8.50
7291059100008,5,8.50
7291059100008,8,8.50
7291059100008,9,8.50
