chain_id,store_id,price
7290027600007,1,6.90
7290027600007,3,6.90
7290027600007,4,6.90
7290027600007,5,6.90
7290027600007,7,6.90
7290027600007,9,6.90
7290027600007,11,6.90
7290027600007,13,5.90
7290027600007,17,6.90
7290027600007,18,5.90
7290027600007,19,6.90
7290027600007,20,6.90
7290027600007,22,6.90
7290027600007,23,6.90
7290027600007,24,6.90
7290027600007,26,7.90
7290027600007,27,6.90
7290027600007,28,6.90
7290027600007,29,6.90
7290027600007,30,6.90
7290027600007,31,7.80
7290027600007,32,6.90
7290027600007,33,6.90
7290027600007,34,6.90
7290027600007,35,5.90
7290027600007,36,6.90
7290027600007,37,6.90
7290027600007,38,6.90
7290027600007,39,6.90
7290027600007,40,6.90
7290027600007,42,6.90
7290027600007,43,6.90
7290027600007,45,5.90
7290027600007,46,5.90
7290027600007,47,6.90
7290027600007,49,5.90
7290027600007,50,6.90
7290027600007,55,5.90
7290027600007,56,6.90
7290027600007,57,6.90
7290027600007,61,6.90
7290027600007,63,6.90
7290027600007,65,5.90
7290027600007,68,5.90
7290027600007,69,6.90
7290027600007,70,6.90
7290027600007,71,5.90
7290027600007,72,6.90
7290027600007,76,5.90
7290027600007,77,5.90
7290027600007,80,6.90
7290027600007,82,6.90
7290027600007,83,5.90
7290027600007,84,6.90
7290027600007,87,5.90
7290027600007,89,5.90
7290027600007,90,6.90
7290027600007,91,5.90
7290027600007,92,5.90
7290027600007,95,5.90
7290027600007,96,5.90
7290027600007,97,5.90
7290027600007,98,5.90
7290027600007,101,6.90
7290027600007,102,6.90
7290027600007,103,6.90
7290027600007,104,6.90
7290027600007,105,5.90
7290027600007,106,5.90
7290027600007,107,5.90
7290027600007,109,6.90
7290027600007,113,5.90
7290027600007,114,5.90
7290027600007,115,6.90
7290027600007,116,6.90
7290027600007,117,6.90
7290027600007,118,5.00
7290027600007,119,5.90
7290027600007,121,5.90
7290027600007,122,5.90
7290027600007,123,5.90
7290027600007,124,5.90
7290027600007,125,5.90
7290027600007,128,5.90
7290027600007,129,5.90
7290027600007,130,5.90
7290027600007,131,6.90
7290027600007,132,5.90
7290027600007,134,5.90
7290027600007,135,5.90
7290027600007,139,5.90
7290027600007,141,5.90
7290027600007,142,5.90
7290027600007,144,5.90
7290027600007,146,6.90
7290027600007,147,6.90
7290027600007,148,6.90
7290027600007,150,6.90
7290027600007,151,5.90
7290027600007,152,5.90
7290027600007,153,5.90
7290027600007,155,5.90
7290027600007,159,5.90
7290027600007,160,6.90
7290027600007,161,7.50
7290027600007,163,5.90
7290027600007,164,6.90
7290027600007,166,5.90
7290027600007,167,5.90
7290027600007,168,6.90
7290027600007,169,6.90
7290027600007,171,6.90
7290027600007,173,5.90
7290027600007,174,5.90
7290027600007,175,6.90
7290027600007,176,4.90
7290027600007,177,5.90
7290027600007,178,7.90
7290027600007,180,5.90
7290027600007,181,5.90
7290027600007,182,5.90
7290027600007,183,5.90
7290027600007,184,5.90
7290027600007,185,6.60
7290027600007,186,6.90
7290027600007,187,5.90
7290027600007,188,5.90
7290027600007,189,5.90
7290027600007,190,5.90
7290027600007,193,6.90
7290027600007,195,5.90
7290027600007,196,6.90
7290027600007,199,5.90
7290027600007,201,7.90
7290027600007,203,5.90
7290027600007,205,5.90
7290027600007,208,5.00
7290027600007,209,5.90
7290027600007,210,5.90
7290027600007,211,5.90
7290027600007,212,6.90
7290027600007,214,5.90
7290027600007,215,5.90
7290027600007,218,5.90
7290027600007,222,5.90
7290027600007,224,6.90
7290027600007,226,5.90
7290027600007,227,5.90
7290027600007,228,6.90
7290027600007,229,5.90
7290027600007,230,6.90
7290027600007,231,6.90
7290027600007,232,6.90
7290027600007,236,5.90
7290027600007,239,6.90
7290027600007,240,5.90
7290027600007,241,5.90
7290027600007,244,5.90
7290027600007,245,5.90
7290027600007,246,6.90
7290027600007,247,6.90
7290027600007,248,5.90
7290027600007,249,5.90
7290027600007,250,5.90
7290027600007,251,5.90
7290027600007,252,7.90
7290027600007,255,5.90
7290027600007,258,5.90
7290027600007,259,5.90
7290027600007,260,5.90
7290027600007,261,5.90
7290027600007,262,6.90
7290027600007,266,5.90
7290027600007,267,5.90
7290027600007,269,5.90
7290027600007,271,6.90
7290027600007,272,6.90
7290027600007,274,6.90
7290027600007,276,5.90
7290027600007,278,6.90
7290027600007,281,5.90
7290027600007,282,5.90
7290027600007,283,5.90
7290027600007,284,6.90
7290027600007,285,6.90
7290027600007,287,6.90
7290027600007,290,5.90
7290027600007,297,5.90
7290027600007,299,6.90
7290027600007,302,6.90
7290027600007,303,6.90
7290027600007,305,6.90
7290027600007,308,6.90
7290027600007,311,6.90
7290027600007,312,5.90
7290027600007,313,6.90
7290027600007,315,6.90
7290027600007,316,6.90
7290027600007,317,6.90
7290027600007,318,6.90
7290027600007,319,6.90
7290027600007,322,7.90
7290027600007,323,6.90
7290027600007,324,6.90
7290027600007,325,6.90
7290027600007,326,6.90
7290027600007,330,6.90
7290027600007,331,6.90
7290027600007,333,6.90
7290027600007,334,6.90
7290027600007,335,6.90
7290027600007,336,6.90
7290027600007,339,5.90
7290027600007,340,6.90
7290027600007,341,6.90
7290027600007,342,5.90
7290027600007,343,6.90
7290027600007,344,5.90
7290027600007,348,6.90
7290027600007,350,5.90
7290027600007,357,5.90
7290027600007,359,5.90
7290027600007,360,6.90
7290027600007,361,5.90
7290027600007,362,6.90
7290027600007,363,6.90
7290027600007,364,6.90
7290027600007,365,6.90
7290027600007,369,6.90
7290027600007,372,6.90
7290027600007,374,6.90
7290027600007,375,6.90
7290027600007,376,6.90
7290027600007,379,6.90
7290027600007,380,6.90
7290027600007,382,6.90
7290027600007,384,6.90
7290027600007,385,6.90
7290027600007,387,6.90
7290027600007,389,6.90
7290027600007,390,6.90
7290027600007,391,6.90
7290027600007,393,6.90
7290027600007,394,6.90
7290027600007,395,6.90
7290027600007,396,5.90
7290027600007,397,6.90
7290027600007,400,6.90
7290027600007,413,5.90
7290027600007,437,6.70
7290027600007,444,6.90
7290027600007,445,6.90
7290027600007,448,4.90
7290027600007,476,7.90
7290027600007,478,6.90
7290027600007,481,6.90
7290027600007,485,7.90
7290027600007,613,7.90
7290027600007,617,7.90
7290027600007,618,7.90
7290027600007,620,6.70
7290027600007,634,7.90
7290027600007,638,7.90
7290027600007,639,7.90
7290027600007,640,7.90
7290027600007,643,7.90
7290027600007,650,7.90
7290027600007,651,7.90
7290027600007,654,7.90
7290027600007,659,7.90
7290027600007,667,7.90
7290027600007,672,7.90
7290027600007,677,7.90
7290027600007,691,7.90
7290027600007,695,7.90
7290027600007,697,7.90
7290027600007,779,6.90
7290027600007,780,6.90
7290027600007,781,7.90
7290027600007,844,6.90
7290055700007,37,4.90
7290055700007,108,6.90
7290055700007,116,6.90
7290055700007,159,6.90
7290055700007,183,6.90
7290055700007,191,6.90
7290055700007,213,6.90
7290055700007,221,6.90
7290055700007,329,6.90
7290055700007,337,6.90
7290055700007,345,6.90
7290055700007,353,6.90
7290055700007,460,6.90
7290055700007,493,6.90
7290055700007,515,6.90
7290055700007,523,6.90
7290055700007,558,6.90
7290055700007,610,6.90
7290055700007,620,6.90
7290055700007,752,6.90
7290055700007,870,6.90
7290055700007,906,6.90
7290055700007,981,6.90
7290055700007,1030,6.90
7290055700007,1040,6.90
7290055700007,1090,6.90
7290055700007,1112,6.90
7290055700007,1139,6.90
7290055700007,1147,6.90
7290055700007,1150,6.90
7290055700007,1171,6.90
7290055700007,1190,6.90
7290055700007,1279,6.90
7290055700007,1295,6.90
7290055700007,1430,6.90
7290055700007,2070,6.90
7290055700007,2320,6.90
7290055700007,2330,6.90
7290055700007,2410,6.90
7290055700007,2490,6.90
7290055700007,2518,6.90
7290055700007,2960,6.90
7290055700007,2976,6.90
7290055700007,3020,6.90
7290055700007,3050,6.90
7290055700007,3174,6.90
7290055700007,3180,6.90
7290055700007,3280,6.90
7290055700007,3300,6.90
7290055700007,3506,6.90
7290055700007,3580,6.90
7290055700007,4120,6.90
7290055700007,4150,6.90
7290055700007,4160,6.90
7290055700007,4200,6.90
7290055700007,4280,6.90
7290055700007,4640,6.90
7290055700014,9,5.90
7290055700014,15,5.90
7290055700014,2150,5.00
7290058108879,2,5.9
7290058108879,3,5.9
7290058108879,6,5.9
7290058108879,7,5.9
7290058108879,9,5.9
7290058108879,10,5.9
7290058108879,12,5.9
7290058108879,13,5.9
7290058108879,14,5.9
7290058108879,15,5.9
7290058108879,17,5.9
7290058108879,200,5.9
7290058108879,334,5.9
7290058108879,337,7.9
7290058134977,1,6.9
7290058134977,2,6.9
7290058134977,5,6.9
7290058134977,6,6.9
7290058134977,17,6.9
7290058134977,18,5.9
7290058134977,19,6.9
7290058134977,21,4.9
7290058134977,23,4.9
7290058134977,31,6.9
7290058134977,32,6.9
7290058134977,33,6.9
7290058134977,34,6.9
7290058134977,36,6.9
7290058134977,37,6.9
7290058134977,38,6.9
7290058134977,39,6.9
7290058134977,41,5.9
7290058134977,42,5.9
7290058140886,1,4.90
7290058140886,2,4.90
7290058140886,5,4.90
7290058140886,6,4.90
7290058140886,7,4.90
7290058140886,8,4.90
7290058140886,9,4.90
7290058140886,10,4.90
7290058140886,11,4.90
7290058140886,12,4.90
7290058140886,13,4.90
7290058140886,14,4.90
7290058140886,15,4.90
7290058140886,16,4.90
7290058140886,17,4.90
7290058140886,19,4.90
7290058140886,20,4.90
7290058140886,23,4.90
7290058140886,24,4.90
7290058140886,25,4.90
7290058140886,26,4.90
7290058140886,27,4.90
7290058140886,28,4.90
7290058140886,29,4.90
7290058140886,30,4.90
7290058140886,31,4.90
7290058140886,32,4.90
7290058140886,33,4.90
7290058140886,34,4.90
7290058140886,35,4.90
7290058140886,36,4.90
7290058140886,37,4.90
7290058140886,38,4.90
7290058140886,39,5
7290058140886,40,4.90
7290058140886,41,4.90
7290058140886,43,4.90
7290058140886,44,4.90
7290058140886,45,4.90
7290058140886,46,4.90
7290058140886,48,4.90
7290058140886,50,4.90
7290058140886,53,4.90
7290058140886,54,4.90
7290058140886,55,4.90
7290058140886,56,4.90
7290058140886,57,4.90
7290058140886,58,4.90
7290058140886,59,4.90
7290058140886,63,4.90
7290058140886,96,4.90
7290058140886,203,4.20
7290058148776,4,6.9
7290058148776,5,6.9
7290058148776,6,6.9
7290058148776,7,6.9
7290058148776,8,6.9
7290058148776,9,6.9
7290058148776,11,6.9
7290058148776,12,6.9
7290058148776,13,6.9
7290058148776,15,6.9
7290058148776,16,6.9
7290058148776,17,6.9
7290058148776,18,6.9
7290058148776,304,6.9
7290058148776,305,6.9
7290058148776,311,6.9
7290058148776,313,6.9
7290058159628,1,6.9
7290058159628,3,5.9
7290058159628,5,5.9
7290058159628,6,5.9
7290058159628,7,6.9
7290058159628,8,6.9
7290058159628,9,6.9
7290058159628,13,6.9
7290058159628,16,5.9
7290058159628,17,6.9
7290058159628,18,6.9
7290058159628,20,6.9
7290058159628,21,6.9
7290058159628,27,6.9
7290058159628,35,6.9
7290058159628,38,6.9
7290058159628,41,5.9
7290058159628,45,5.9
7290058159628,46,6.9
7290058159628,47,6.9
7290058159628,48,6.9
7290058159628,49,6.9
7290058159628,50,5.9
7290058159628,60,6.9
7290058160839,16,6.9
7290058160839,20,6.9
7290058160839,23,6.9
7290058160839,25,6.9
7290058160839,27,6.9
7290058160839,28,6.9
7290058160839,38,6.9
7290058160839,39,6.9
7290058160839,41,6.9
7290058160839,42,6.9
7290058160839,44,6.9
7290058160839,50,6.9
7290058160839,52,6.9
7290058160839,53,6.9
7290058160839,152,7.5
7290058160839,154,7.5
7290058160839,210,6.9
7290058160839,218,6.9
7290058160839,219,6.9
7290058160839,221,6.9
7290058160839,228,6.9
7290058160839,230,6.9
7290058160839,233,6.9
7290058160839,235,6.9
7290058160839,237,6.9
7290058160839,238,6.9
7290058160839,241,6.9
7290058160839,243,6.9
7290058160839,244,6.9
7290058160839,245,6.9
7290058160839,246,6.9
7290058160839,251,6.9
7290058160839,262,6.9
7290058160839,266,6.9
7290058160839,271,6.9
7290058160839,273,6.9
7290058160839,274,6.9
7290058160839,300,6.9
7290058160839,302,6.9
7290058173198,3,6.9
7290058173198,4,6.9
7290058173198,5,6.9
7290058173198,6,6.9
7290058173198,7,6.9
7290058173198,9,6.9
7290058173198,11,6.9
7290058173198,12,6.9
7290058173198,13,6.9
7290058173198,14,6.9
7290058173198,15,6.9
7290058173198,16,6.9
7290058173198,18,6.9
7290058173198,19,6.9
7290058173198,20,6.9
7290058173198,21,6.9
7290058173198,23,6.9
7290058173198,24,6.9
7290058173198,26,6.9
7290058173198,28,6.9
7290058173198,30,6.9
7290058173198,32,6.9
7290058173198,33,6.9
7290058173198,35,6.9
7290058173198,36,6.9
7290058173198,37,6.9
7290058173198,38,6.9
7290058173198,39,6.9
7290058173198,40,6.9
7290058173198,89,6.9
7290058197699,44,6
7290058197699,51,6
7290058197699,102,6
7290058197699,115,6
7290058197699,124,6
7290058197699,129,6
7290058197699,130,6
7290058197699,137,6
7290058197699,148,6
7290058197699,151,6
7290058197699,403,6
7290058197699,605,6
7290058197699,650,6
7290058197699,701,6
7290058197699,702,6
7290058197699,751,6
7290058197699,753,6
7290058197699,903,6
7290058197699,905,6
7290058197699,908,6.9
7290058197699,912,6
7290058198450,3,7.9
7290058198450,8,7.9
7290058198450,11,7.9
7290058198450,14,7.9
7290058198450,18,7.9
7290058198450,23,7.9
7290058198450,24,7.9
7290058198450,25,7.9
7290058198450,31,7.9
7290058198450,32,7.9
7290058198450,33,7.9
7290058198450,34,7.9
7290058198450,35,7.9
7290058198450,36,7.9
7290058198450,37,7.9
7290058198450,38,7.9
7290058198450,39,7.9
7290058198450,40,7.9
7290103152017,1,4.90
7290103152017,5,4.90
7290103152017,6,4.90
7290103152017,9,4.90
7290103152017,10,4.90
7290103152017,11,4.90
7290103152017,13,4.90
7290103152017,14,4.90
7290103152017,15,4.90
7290103152017,16,4.90
7290103152017,20,4.90
7290103152017,22,4.90
7290103152017,23,4.90
7290103152017,24,4.90
7290103152017,25,4.90
7290103152017,26,4.90
7290103152017,28,4.90
7290103152017,30,4.90
7290103152017,31,4.90
7290492000005,450,6.90
7290492000005,501,7.90
7290492000005,502,7.90
7290492000005,503,7.90
7290492000005,504,7.90
7290492000005,505,7.90
7290492000005,506,7.90
7290492000005,507,7.90
7290492000005,508,7.90
7290492000005,509,7.90
7290492000005,510,7.90
7290492000005,511,7.90
7290492000005,512,7.90
7290492000005,513,7.90
7290492000005,514,7.90
7290492000005,515,7.90
7290492000005,516,7.90
7290492000005,517,7.90
7290492000005,518,7.90
7290492000005,519,7.90
7290492000005,521,7.90
7290492000005,524,7.90
7290492000005,529,7.90
7290492000005,531,7.90
7290492000005,535,7.90
7290492000005,536,7.90
7290492000005,537,7.90
7290492000005,538,7.90
7290492000005,540,7.90
7290492000005,542,7.90
7290492000005,544,7.90
7290492000005,545,7.90
7290492000005,551,7.90
7290492000005,553,7.90
7290492000005,554,7.90
7290492000005,557,7.90
7290492000005,558,7.90
7290492000005,563,7.90
7290492000005,564,7.90
7290492000005,566,7.90
7290492000005,568,7.90
7290492000005,570,7.90
7290492000005,571,7.90
7290492000005,576,7.90
7290492000005,577,7.90
7290492000005,578,7.90
7290492000005,579,7.90
7290492000005,580,7.90
7290492000005,581,7.90
7290492000005,582,7.90
7290492000005,583,7.90
7290492000005,584,7.90
7290492000005,587,7.90
7290492000005,591,7.90
7290492000005,593,7.90
7290492000005,644,9.90
7290492000005,647,9.90
7290492000005,648,9.90
7290492000005,649,6.90
7290492000005,650,9.90
7290492000005,651,9.90
7290492000005,652,9.90
7290492000005,653,9.90
7290492000005,654,9.90
7290492000005,655,6.90
7290492000005,656,6.90
7290492000005,657,6.90
7290492000005,658,9.90
7290492000005,661,9.90
7290492000005,666,9.90
7290492000005,701,6.90
7290492000005,702,6.90
7290492000005,706,6.90
7290492000005,707,6.90
7290492000005,709,6.90
7290492000005,710,6.90
7290492000005,711,6.90
7290492000005,715,6.90
7290492000005,717,6.90
7290492000005,718,6.90
7290492000005,721,6.90
7290492000005,722,6.90
7290492000005,723,6.90
7290492000005,724,6.90
7290492000005,726,6.90
7290492000005,727,6.90
7290492000005,730,6.90
7290492000005,733,6.90
7290492000005,801,9.90
7290492000005,804,9.90
7290492000005,807,9.90
7290492000005,808,9.90
7290492000005,813,9.90
7290492000005,815,9.90
7290492000005,820,9.90
7290492000005,821,9.90
7290492000005,823,9.90
7290492000005,824,6.90
7290492000005,828,9.90
7290492000005,829,9.90
7290492000005,830,9.90
7290492000005,832,9.90
7290492000005,834,9.90
7290492000005,840,9.90
7290492000005,843,9.90
7290492000005,847,9.90
7290492000005,848,9.90
7290492000005,850,9.90
7290492000005,852,9.90
7290492000005,853,9.90
7290492000005,858,9.90
7290492000005,860,9.90
7290492000005,861,9.90
7290492000005,865,9.90
7290492000005,868,9.90
7290492000005,870,9.90
7290492000005,900,9.90
7290492000005,901,9.90
7290492000005,903,9.90
7290492000005,904,9.90
7290492000005,905,9.90
7290492000005,906,9.90
7290492000005,911,9.90
7290492000005,912,9.90
7290492000005,913,9.90
7290492000005,914,9.90
7290492000005,915,9.90
7290492000005,918,9.90
7290492000005,921,9.90
7290492000005,924,9.90
7290492000005,925,9.90
7290492000005,927,9.90
7290492000005,928,9.90
7290492000005,930,9.90
7290492000005,933,9.90
7290492000005,935,9.90
7290492000005,936,9.90
7290492000005,939,9.90
7290492000005,940,9.90
7290492000005,942,9.90
7290492000005,944,9.90
7290492000005,947,9.90
7290492000005,948,9.90
7290492000005,949,9.90
7290492000005,951,9.90
7290492000005,955,9.90
7290492000005,958,9.90
7290492000005,960,9.90
7290492000005,961,9.90
7290492000005,968,9.90
7290492000005,969,8.50
7290492000005,978,9.90
7290492000005,980,9.90
7290492000005,981,9.90
7290492000005,992,9.90
7290492000005,995,9.90
7290492000005,997,9.90
7290526500006,1,7.50
7290526500006,7,7.90
7290526500006,11,7.90
7290526500006,13,7.90
7290639000004,1,6.90
7290639000004,2,6.90
7290639000004,3,6.90
7290639000004,4,6.90
7290639000004,5,6.90
7290639000004,6,6.90
7290639000004,7,6.90
7290639000004,8,6.90
7290639000004,10,6.50
7290644700005,100,10.00
7290644700005,107,10.00
7290644700005,108,10.00
7290644700005,109,10.00
7290644700005,111,10.00
7290644700005,112,10.00
7290644700005,113,10.00
7290644700005,114,10.00
7290644700005,115,10.00
7290644700005,116,10.00
7290644700005,118,10.00
7290644700005,120,10.00
7290644700005,121,10.00
7290644700005,122,10.00
7290644700005,123,10.00
7290644700005,124,10.00
7290644700005,126,10.00
7290644700005,127,10.00
7290644700005,131,10.00
7290644700005,132,10.00
7290644700005,133,10.00
7290644700005,134,10.00
7290644700005,135,10.00
7290644700005,136,10.00
7290644700005,138,10.00
7290644700005,142,10.00
7290644700005,143,10.00
7290644700005,144,10.00
7290644700005,145,10.00
7290644700005,146,10.00
7290644700005,147,10.00
7290644700005,149,10.00
7290644700005,151,10.00
7290644700005,153,10.00
7290644700005,158,10.00
7290644700005,159,10.00
7290644700005,160,10.00
7290644700005,161,10.00
7290644700005,165,10.00
7290644700005,166,10.00
7290644700005,173,10.00
7290644700005,177,10.00
7290644700005,178,10.00
7290644700005,179,10.00
7290644700005,183,10.00
7290644700005,184,10.00
7290644700005,186,10.00
7290644700005,190,10.00
7290644700005,191,10.00
7290644700005,192,10.00
7290644700005,193,10.00
7290644700005,195,10.00
7290644700005,197,10.00
7290644700005,199,10.00
7290644700005,202,10.00
7290644700005,203,10.00
7290644700005,208,10.00
7290644700005,209,10.00
7290644700005,210,10.00
7290644700005,212,10.00
7290644700005,214,10.00
7290644700005,217,10.00
7290644700005,218,10.00
7290644700005,232,10.00
7290644700005,234,10.00
7290644700005,235,10.00
7290644700005,236,10.00
7290644700005,238,10.00
7290644700005,239,10.00
7290644700005,240,10.00
7290644700005,241,10.00
7290644700005,242,10.00
7290644700005,244,10.00
7290644700005,245,10.00
7290644700005,246,10.00
7290644700005,247,10.00
7290644700005,248,10.00
7290644700005,250,10.00
7290644700005,251,10.00
7290644700005,252,10.00
7290644700005,253,10.00
7290644700005,254,10.00
7290644700005,255,10.00
7290644700005,256,10.00
7290644700005,257,10.00
7290644700005,258,10.00
7290644700005,259,10.00
7290644700005,260,10.00
7290644700005,261,10.00
7290644700005,263,10.00
7290644700005,265,10.00
7290644700005,266,10.00
7290644700005,267,10.00
7290644700005,270,10.00
7290644700005,271,10.00
7290644700005,272,10.00
7290644700005,274,10.00
7290644700005,275,10.00
7290644700005,276,10.00
7290644700005,300,10.00
7290644700005,301,10.00
7290644700005,302,10.00
7290644700005,303,10.00
7290644700005,304,10.00
7290644700005,305,10.00
7290644700005,306,10.00
7290644700005,308,10.00
7290644700005,312,10.00
7290644700005,313,10.00
7290644700005,315,10.00
7290644700005,316,10.00
7290644700005,319,10.00
7290644700005,320,10.00
7290644700005,321,10.00
7290644700005,322,10.00
7290644700005,323,10.00
7290644700005,324,10.00
7290644700005,325,10.00
7290644700005,326,10.00
7290644700005,328,10.00
7290644700005,329,10.00
7290644700005,330,10.00
7290644700005,331,10.00
7290644700005,332,10.00
7290644700005,333,10.00
7290644700005,335,10.00
7290644700005,336,10.00
7290644700005,337,10.00
7290644700005,339,10.00
7290644700005,340,10.00
7290644700005,341,10.00
7290644700005,342,10.00
7290644700005,343,10.00
7290644700005,345,10.00
7290644700005,349,10.00
7290644700005,352,10.00
7290644700005,353,10.00
7290644700005,354,10.00
7290644700005,355,10.00
7290644700005,356,10.00
7290644700005,359,10.00
7290644700005,360,10.00
7290644700005,362,10.00
7290644700005,363,10.00
7290644700005,365,10.00
7290644700005,366,10.00
7290644700005,367,10.00
7290644700005,368,10.00
7290644700005,369,10.00
7290644700005,371,10.00
7290644700005,372,10.00
7290644700005,375,10.00
7290644700005,378,10.00
7290644700005,380,10.00
7290644700005,383,10.00
7290644700005,389,10.00
7290644700005,390,10.00
7290644700005,391,10.00
7290644700005,392,10.00
7290644700005,399,10.00
7290644700005,400,10.00
7290644700005,405,10.00
7290644700005,406,10.00
7290644700005,407,10.00
7290644700005,408,10.00
7290644700005,409,10.00
7290644700005,410,10.00
7290644700005,413,10.00
7290644700005,414,10.00
7290644700005,415,10.00
7290644700005,417,10.00
7290644700005,418,10.00
7290644700005,420,10.00
7290644700005,421,10.00
7290644700005,422,10.00
7290644700005,423,10.00
7290644700005,424,10.00
7290644700005,425,10.00
7290644700005,426,10.00
7290644700005,427,10.00
7290644700005,428,10.00
7290644700005,429,10.00
7290644700005,430,10.00
7290644700005,431,10.00
7290644700005,432,10.00
7290644700005,433,10.00
7290644700005,437,10.00
7290644700005,500,10.00
7290644700005,501,10.00
7290644700005,502,10.00
7290644700005,503,10.00
7290644700005,504,10.00
7290644700005,505,10.00
7290644700005,506,10.00
7290644700005,512,10.00
7290644700005,513,10.00
7290644700005,514,10.00
7290644700005,515,10.00
7290644700005,516,10.00
7290644700005,518,10.00
7290644700005,519,10.00
7290644700005,524,10.00
7290644700005,526,10.00
7290644700005,527,10.00
7290644700005,528,10.00
7290644700005,529,10.00
7290644700005,530,10.00
7290644700005,531,10.00
7290644700005,532,10.00
7290644700005,533,10.00
7290644700005,534,10.00
7290644700005,536,10.00
7290644700005,538,10.00
7290644700005,540,10.00
7290644700005,541,10.00
7290644700005,542,10.00
7290644700005,543,10.00
7290644700005,601,10.00
7290644700005,602,10.00
7290644700005,603,10.00
7290644700005,604,10.00
7290644700005,605,10.00
7290644700005,607,10.00
7290644700005,609,10.00
7290644700005,610,9.50
7290644700005,611,10.00
7290644700005,612,10.00
7290644700005,613,10.00
7290644700005,614,10.00
7290644700005,615,10.00
7290644700005,616,10.00
7290644700005,620,10.00
7290644700005,624,10.00
7290644700005,625,10.00
7290644700005,626,10.00
7290644700005,627,10.00
7290644700005,628,9.50
7290644700005,629,10.00
7290644700005,631,10.00
7290644700005,632,10.00
7290644700005,633,10.00
7290644700005,6107,10.00
7290700100008,1,6.50
7290700100008,4,6.50
7290700100008,5,6.50
7290700100008,6,6.50
7290700100008,8,6.50
7290700100008,9,6.50
7290700100008,101,6.50
7290725900003,2,5.90
7290725900003,4,5.90
7290725900003,6,5.90
7290725900003,10,5.90
7290725900003,12,6.90
7290725900003,16,5.90
7290725900003,26,5.90
7290725900003,30,5.00
7290725900003,33,5.90
7290725900003,44,5.90
7290725900003,46,5.90
7290725900003,55,5.90
7290725900003,56,5.90
7290725900003,57,5.90
7290725900003,60,6.90
7290725900003,61,6.90
7290725900003,62,6.90
7290725900003,63,6.90
7290725900003,67,6.90
7290725900003,68,6.90
7290725900003,73,6.90
7290725900003,74,6.90
7290725900003,77,6.90
7290725900003,78,6.90
7290725900003,80,6.90
7290725900003,81,6.90
7290725900003,84,6.90
7290725900003,91,6.90
7290725900003,205,5.90
7290725900003,830,6.90
7290725900003,1340,5.90
7290725900003,2310,5.90
7290725900003,2540,6.90
7290725900003,2560,6.90
7290725900003,2730,6.90
7290725900003,2740,5.90
7290725900003,2750,6.90
7290725900003,2840,6.90
7290725900003,3010,5.90
7290725900003,3610,6.90
7290725900003,3680,6.90
7290725900003,3700,5.90
7290725900003,4110,6.90
7290725900003,4270,6.90
7290785400000,2,6.90
7290785400000,3,6.90
7290785400000,4,6.90
7290785400000,5,6.90
7290785400000,12,6.90
7290785400000,13,6.90
7290785400000,14,6.90
7290785400000,15,6.90
7290785400000,16,6.90
7290785400000,17,6.90
7290785400000,18,6.90
7290785400000,19,6.90
7290785400000,20,6.90
7290785400000,22,6.90
7290785400000,23,4.90
7290785400000,116,6.90
7290785400000,513,6.90
7290785400000,516,6.90
7290785400000,518,6.90
7290803800003,1,4.90
7290803800003,4,4.90
7290803800003,5,4.90
7290803800003,8,5.90
7290803800003,9,4.90
7290803800003,12,4.90
7290803800003,13,4.90
7290803800003,15,5.90
7290803800003,16,5.90
7290803800003,17,4.90
7290803800003,18,5.90
7290803800003,19,4.90
7290803800003,20,4.90
7290803800003,21,4.90
7290803800003,23,4.90
7290803800003,24,4.90
7290803800003,25,5.90
7290803800003,26,4.90
7290803800003,27,4.90
7290803800003,29,5.90
7290803800003,32,4.90
7290803800003,34,4.90
7290803800003,35,5.90
7290803800003,36,4.90
7290803800003,37,4.90
7290803800003,38,4.90
7290803800003,39,4.90
7290803800003,40,4.90
7290803800003,42,5.90
7290803800003,48,5.90
7290803800003,53,5.90
7290803800003,54,5.90
7290873255550,2,5.90
7290873255550,6,5.70
7290873255550,7,5.90
7290873255550,12,5.70
7290873255550,14,5.90
7290873255550,15,5.70
7290873255550,18,5.90
7290873255550,19,5.90
7290873255550,20,5.90
7290873255550,22,5.90
7290873255550,23,5.90
7290873255550,24,5.90
7290873255550,30,5.90
7290873255550,51,6.90
7290873255550,52,5.90
7290873255550,70,7.50
7290873255550,80,6.90
7290873255550,82,7.50
7290873255550,91,7.50
7290873255550,502,5.90
7290873255550,503,5.70
7290873255550,512,5.70
7290873255550,514,5.90
7290873255550,519,5.90
7290876100000,1,6.90
7290876100000,2,6.90
7290876100000,3,6.90
7290876100000,5,6.90
7290876100000,6,6.90
7290876100000,7,6.90
7290876100000,12,6.90
7290876100000,13,6.90
7290876100000,14,6.90
7290876100000,18,6.90
7290876100000,19,6.90
7290876100000,20,6.90
7290876100000,21,6.90
7290876100000,22,6.90
7290876100000,23,6.90
7290876100000,24,6.90
7290876100000,25,6.90
7290876100000,26,6.90
7290876100000,27,6.90
7290876100000,29,6.90
7290876100000,31,6.90
7290876100000,32,7.50
7290876100000,36,6.90
7290876100000,37,6.90
7290876100000,38,6.90
7290876100000,39,6.90
7290876100000,41,7.50
7290876100000,42,6.90
7290876100000,43,6.90
7290876100000,44,6.90
7290876100000,45,6.90
7290876100000,46,7.50
7291056200008,302,5.90
7291056200008,304,6.90
7291056200008,306,5.90
7291056200008,307,5.90
7291056200008,308,6.90
7291056200008,309,5.90
7291056200008,312,6.90
7291056200008,314,6.90
7291056200008,316,5.90
7291056200008,317,5.90
7291056200008,319,5.90
7291056200008,321,6.90
7291056200008,323,5.90
7291056200008,329,5.90
7291056200008,331,5.90
7291056200008,332,6.90
7291056200008,334,5.90
7291056200008,335,6.90
7291056200008,336,5.90
7291056200008,337,5.90
7291056200008,338,5.90
7291056200008,339,5.90
7291056200008,340,5.90
7291056200008,402,5.90
7291056200008,403,5.90
7291056200008,404,5.90
7291059100008,1,7.20
7291059100008,3,7.30
7291059100008,4,7.20
7291059100008,8,7.20
7291059100008,9,7.20
